Times,BER,EbNo,Prop_Loss,Weather,Rain_Loss,EIRP,Range,Rcvd_Frequency,g_over_T,Bandwidth,Free_Space_Loss,Propagation_Delay,Rcvd_Iso_Power,C/No,Atmos Loss
39602.542,0.10539861750765367,-1.0625416743647074,173.65834306450063,Clouds,1.4907734244979407,12.0,799.9987225797694,12.0001536372673,12.0,200.0,172.09319401324973,0.002668508500569982,-161.6616805374355,18.93745832563529,0.07437562675293069
39603.0,0.10483267643594313,-1.0409824018635094,173.6368006548865,Clouds,1.4884838258501798,12.0,798.2452352169498,12.000152861297689,12.0,200.0,172.07413484052213,0.002662659496313779,-161.6401212649343,18.95901759813649,0.07418198851419532
39604.0,0.10360635740500862,-0.9941601519242026,173.59001561263287,Clouds,1.4835378335314537,12.0,794.4476995653382,12.00015114912273,12.0,200.0,172.03271437917118,0.002649992280877654,-161.593299014995,19.005839848075794,0.07376339993025682
39605.0,0.10239314427821306,-0.9476911071631342,173.54358431275256,Clouds,1.4786649830888179,12.0,790.6932467894907,12.000149412212837,12.0,200.0,171.99156873402345,0.002637468774446256,-161.54682997023394,19.052308892836866,0.07335059564028087
39606.0,0.10119335995528123,-0.9015873148533494,173.49751880646664,Clouds,1.4738655890925954,12.0,786.9824974053174,12.000147650385685,12.0,200.0,171.95070961683254,0.0026250910468378673,-161.50072617792415,19.098412685146652,0.07294360054152318
39607.0,0.1000073244902207,-0.8558610139558935,173.451831336478,Clouds,1.4691399621433217,12.0,783.316075817184,12.000145863468424,12.0,200.0,171.91014893404937,0.0026128611808412605,-161.45499987702667,19.144138986044105,0.07254244028530359
39608.0,0.09883535496201379,-0.8105246377005264,173.40653433953636,Clouds,1.464488409020598,12.0,779.6946106263673,12.000144051298399,12.0,200.0,171.8698987892009,0.0026007812732445966,-161.40966350077133,19.189475362299472,0.0721471413148386
39609.0,0.09767776542991508,-0.7655908190008585,173.36164045183565,Clouds,1.4599112331476487,12.0,776.1187351749219,12.000142213723965,12.0,200.0,171.82997148775837,0.00258885343664957,-161.36472968207164,19.23440918099914,0.07175773092963143
39610.0,0.0965348661924244,-0.7210723682653593,173.3171624868173,Clouds,1.4554087323079004,12.0,772.589085908056,12.000140350604847,12.0,200.0,171.79037951739696,0.0025770797940088807,-161.32021123133615,19.278927631734643,0.07137423711245765
39611.0,0.09540696349469352,-0.6769822677093401,173.2731134294681,Clouds,1.450981198150165,12.0,769.1063020930054,12.000138461812789,12.0,200.0,171.75113554281282,0.0025654624776884996,-161.27612113078013,19.32301773229066,0.07099668850513564
39612.0,0.09429435967045763,-0.633333681983505,173.2295064469275,Clouds,1.4466289173791658,12.0,765.6710268455495,12.000136547232529,12.0,200.0,171.7122524150224,0.002554003632891757,-161.2324725450543,19.366666318016495,0.07062511452593286
39613.0,0.0931973525955142,-0.590139941200986,173.18635487150425,Clouds,1.4423521702450917,12.0,762.2839059895151,12.000134606762284,12.0,200.0,171.67374315600566,0.002542705413855058,-161.18927880427177,19.409860058799012,0.07025954525349744
39614.0,0.09211623524282248,-0.5474145268987853,173.14367218662525,Clouds,1.4381512294456718,12.0,758.945587188957,12.000132640314321,12.0,200.0,171.6356209458395,0.002531569980953147,-161.14655338996957,19.452585473101216,0.06990001134010085
39615.0,0.09105129567277642,-0.5051710742223552,173.10147202900134,Clouds,1.4340263607147954,12.0,755.6567203801408,12.000130647815839,12.0,200.0,171.59789912422093,0.0025205995021400467,-161.10430993729312,19.494828925777647,0.06954654406562918
39616.0,0.09000281669058291,-0.46342336008480434,173.05976817677302,Clouds,1.4299778221137518,12.0,752.41795712576,12.000128629209566,12.0,200.0,171.56059117938105,0.002509796150794961,-161.06256222315557,19.536576639915197,0.06919917527817651
39617.0,0.08897107560081036,-0.4221852941190546,173.01857454044708,Clouds,1.4260058637006354,12.0,749.229950217984,12.000126584454497,12.0,200.0,171.52371073938838,0.002499162104398183,-161.02132415718984,19.577814705880947,0.06885793735805877
39618.0,0.08795634405625002,-0.38147091235156105,172.97790515655404,Clouds,1.4221107275587317,12.0,746.093353518368,12.000124513526629,12.0,200.0,171.48727156578414,0.002488699543997094,-160.98060977542235,19.61852908764844,0.06852286321114893
39619.0,0.08695888750783987,-0.3412943537381424,172.9377741641751,Clouds,1.4182926463018055,12.0,743.0088205053656,12.00012241641938,12.0,200.0,171.45128753175047,0.0024784106493611845,-160.9404332168089,19.658705646261858,0.06819398612279476
39620.0,0.08597896557487528,-0.3016698725181527,172.89819581727022,Clouds,1.414551845091066,12.0,739.977005609905,12.000120293144784,12.0,200.0,171.41577263226912,0.0024682976034370585,-160.90080873558892,19.698330127481846,0.06787133991003087
39621.0,0.08501683127818055,-0.2626118036701965,172.85918445013044,Clouds,1.4108885393150192,12.0,736.9985619680751,12.000118143733655,12.0,200.0,171.3807409521217,0.002458362584852202,-160.861750666741,19.737388196329803,0.06755495869374838
39622.0,0.08407273119257302,-0.22413456413019298,172.8207544785747,Clouds,1.4073029357721432,12.0,734.0741419549382,12.000115968236555,12.0,200.0,171.34620666583768,0.002448607769695588,-160.823273427201,19.775865435869807,0.06724487696489424
39623.0,0.08314690520502205,-0.18625263689824476,172.78292038404444,Clouds,1.4037952323498182,12.0,731.2043964302572,12.000113766724375,12.0,200.0,171.31218402217797,0.0024390353290016965,-160.78539149996902,19.813747363101754,0.06694112951666575
39624.0,0.08223958645009011,-0.14898056107850904,172.7456967036273,Clouds,1.4003656183725468,12.0,728.3899744653306,12.000111539289069,12.0,200.0,171.27868733382869,0.002429647427839331,-160.74811942414928,19.85101943892149,0.06664375142605625
39625.0,0.0813509888623895,-0.11233290842552603,172.70909800659513,Clouds,1.3970142738312767,12.0,725.6315220776142,12.000109286044035,12.0,200.0,171.24573095483066,0.0024204462210907726,-160.7114717714963,19.887667091574475,0.06635277793318041
39626.0,0.08048135465885742,-0.07632427873902835,172.67313888978072,Clouds,1.3937413704610884,12.0,722.9296824208449,12.000107007124964,12.0,200.0,171.21332927484644,0.0024114338540859653,-160.67546314180981,19.92367572126097,0.06606824447320217
39627.0,0.07963088457120104,-0.04096928171424829,172.6378339594172,Clouds,1.390547071686078,12.0,720.2850949758085,12.000104702690331,12.0,200.0,171.18149670112868,0.002402612459903206,-160.64010814478505,19.95903071828575,0.06579018660245356
39628.0,0.0787997832615191,-0.006282521494217352,172.60319781567813,Clouds,1.387431532926393,12.0,717.6983949739392,12.00010237292196,12.0,200.0,171.15024764279946,0.00239398415744648,-160.605421384565,19.993717478505783,0.06551863995231424
39629.0,0.07798824811850041,0.02772141931759752,172.56924503667878,Clouds,1.3843949019659263,12.0,715.1702128073988,12.000100018025554,12.0,200.0,171.11959649453328,0.002385551049477698,-160.57141744375318,20.0277214193176,0.06525364017954992
39630.0,0.07719646929875174,0.061027993047771435,172.5359901650732,Clouds,1.3814373196507148,12.0,712.7011736576525,12.000097638231262,12.0,200.0,171.0895576224826,0.0023773152213777586,-160.53811087002302,20.061027993047773,0.06499522293987013
39631.0,0.07642462948949064,0.09362271335622167,172.50344768164666,Clouds,1.378558919534742,12.0,710.2918961832072,12.00009523379388,12.0,200.0,171.06014533834673,0.0023692787367693125,-160.50551614971457,20.093622713356222,0.06474342376519077
39632.0,0.07567290413815153,0.1254911632968434,172.47163199724065,Clouds,1.3757598292390596,12.0,707.9429925962027,12.000092804993523,12.0,200.0,171.03137388991672,0.002361443637772244,-160.47364769977395,20.125491163296843,0.0644982780848356
39633.0,0.0749414613999625,0.1566190164184925,172.4405574316451,Clouds,1.3730401707340765,12.0,705.6550677920335,12.000090352135917,12.0,200.0,171.0032574397619,0.0023538119421004033,-160.44251984665232,20.156619016418492,0.06425982114906906
39634.0,0.07423046224954066,0.1869920521149904,172.41023819824008,Clouds,1.3704000611960685,12.0,703.4287189277184,12.000087875552811,12.0,200.0,170.97581004904586,0.002346385641655196,-160.4121468109558,20.18699205211499,0.06402808799816742
39635.0,0.0735400602548138,0.21659618655932605,172.3806883730632,Clouds,1.3678396125775443,12.0,701.2645338786834,12.000085375601884,12.0,200.0,170.94904564716916,0.002339166697377969,-160.3825426765115,20.21659618655933,0.06380311331650754
39636.0,0.07287040214854318,0.2454174706074502,172.351921896887,Clouds,1.3653589340734615,12.0,699.1630921400304,12.000082852667628,12.0,200.0,170.92297803127278,0.0023321570422563144,-160.35372139246334,20.24541747060745,0.06358493154076572
39637.0,0.07222162742368893,0.27344213049679483,172.32395253453092,Clouds,1.3629581309313779,12.0,697.1249626093969,12.000080307160847,12.0,200.0,170.89762082695674,0.0023253585739284907,-160.325696732574,20.273442130496797,0.0633735766428102
39638.0,0.0715938687892042,0.3006565725962863,172.2967938700988,Clouds,1.3606373063705315,12.0,695.1507040212632,12.000077739519256,12.0,200.0,170.872987481538,0.0023187731561321104,-160.29848229047448,20.300656572596285,0.06316908219029607
39639.0,0.07098725194771294,0.3270474182546657,172.27045927214022,Clouds,1.3583965609340007,12.0,693.2408632023031,12.000075150207033,12.0,200.0,170.84909123002728,0.0023124026128846214,-160.27209144481614,20.327047418254665,0.0629714811789481
39640.0,0.07040189620136394,0.35260150352839503,172.2449618939075,Clouds,1.3562359948035887,12.0,691.39597589532,12.000072539715502,12.0,200.0,170.8259450929705,0.002306248731231658,-160.2465373595424,20.352601503528398,0.06278080613340738
39641.0,0.06983791412435592,0.37730592012690833,172.22031463242774,Clouds,1.3541557065998309,12.0,689.6165646047099,12.000069908562352,12.0,200.0,170.8035618369306,0.00230031325406028,-160.22183294294388,20.377305920126908,0.06259708889731667
39642.0,0.06927174868604857,0.4021897628929171,172.19548838101724,Clouds,1.3511140562544388,12.0,687.9031387803228,12.000067257291892,12.0,200.0,170.7819539640961,0.002294597880712272,-160.19694910017787,20.40218976289292,0.062420360666698975
39643.0,0.06871995463054653,0.4265241415643387,172.17121201752607,Clouds,1.3478276769899844,12.0,686.2561939453112,12.000064586474723,12.0,200.0,170.76113368862195,0.002289104264074953,-160.17261472150642,20.42652414156434,0.06225065191415799
39644.0,0.06819127654964968,0.4499164895365486,172.1478780955802,Clouds,1.3446771850390684,12.0,684.6762112400606,12.000061896707573,12.0,200.0,170.74111291818576,0.0022838340090598963,-160.14922237353426,20.449916489536548,0.06208799235537946
39645.0,0.06768578918666246,0.47235471718619304,172.12549869127244,Clouds,1.3416630548599344,12.0,683.1636561781132,12.000059188612594,12.0,200.0,170.72190322557847,0.002278788668453138,-160.1267841458846,20.472354717186192,0.06193241083402332
39646.0,0.06720356158366975,0.4938270974684563,172.10408551756774,Clouds,1.3387857465241517,12.0,681.7189786147118,12.000056462837264,12.0,200.0,170.7035158357113,0.002273969742810247,-160.10531176560232,20.493827097468458,0.06178393533226233
39647.0,0.06674465726530615,0.5143222902252574,172.08364990000857,Clouds,1.3360457044248262,12.0,680.3426119203161,12.000053720053753,12.0,200.0,170.6859616026851,0.0022693786776994775,-160.0848165728455,20.51432229022526,0.06164259289865755
39648.0,0.06630913455604837,0.5338293603798856,172.06420275853063,Clouds,1.3334433567727924,12.0,679.0349725571475,12.000050960958452,12.0,200.0,170.66925099214117,0.002265016862289269,-160.06530950269092,20.533829360379883,0.06150840961667625
39649.0,0.06589704665011892,0.5523378068785324,172.04575457854264,Clouds,1.3309791136383065,12.0,677.7964589191037,12.000048186270998,12.0,200.0,170.65339405440596,0.0022608856254786223,-160.04680105619227,20.552337806878533,0.06138141049837242
39650.0,0.0655084420592012,0.569837574241387,172.02831539938472,Clouds,1.3286533672542373,12.0,676.6274513263695,12.000045396733835,12.0,200.0,170.63840041263532,0.0022569862358791212,-160.0293012888294,20.569837574241387,0.06126161949515098
39651.0,0.06514336480495203,0.5863190748670106,172.011894792043,Clouds,1.3264664908451065,12.0,675.5283112752609,12.000042593111342,12.0,200.0,170.62427924176495,0.00225331989931268,-160.01281978820376,20.58631907486701,0.06114905943290103
39652.0,0.06480185467232052,0.6017732078249937,171.996501840377,Clouds,1.3244188378666797,12.0,674.4993809020834,12.000039776188911,12.0,200.0,170.61103925054266,0.002249887757023172,-159.9973656552458,20.60177320782499,0.06104375196766988
39653.0,0.06448394751449765,0.6161913743482825,171.9821451256454,Clouds,1.3225107416149753,12.0,673.5409826416692,12.000036946772129,12.0,200.0,170.59868866646974,0.0022466908845374263,-159.98294748872252,20.616191374348283,0.06094571756073132
39654.0,0.06418967532158115,0.6295655029358261,171.96883270143232,Clouds,1.3207425135090876,12.0,672.6534182146568,12.000034105685428,12.0,200.0,170.58723521253785,0.0022437302882871617,-159.96957336013497,20.629565502935826,0.060854975385381635
39655.0,0.06391906662825936,0.6418880578413156,171.95657208517542,Clouds,1.3191144434736453,12.0,671.8369686941356,12.000031253771326,12.0,200.0,170.5766860983589,0.0022410069058312857,-159.95725080522948,20.641888057841314,0.06077154334284695
39656.0,0.06367214667774324,0.6531520571984968,171.94537024006792,Clouds,1.3176267989755113,12.0,671.0918938925449,12.00002839188916,12.0,200.0,170.56704800308367,0.00223852160381081,-159.94598680587228,20.653152057198497,0.060695438008760094
39657.0,0.06344893768571552,0.6633510850682529,171.93523356303484,Clouds,1.316279824765718,12.0,670.4184321170358,12.000025520914027,12.0,200.0,170.55832706365365,0.0022362751771328273,-159.93578777800255,20.663351085068253,0.060626674615464254
39658.0,0.06324945887741734,0.6724793121879363,171.92616786401928,Clouds,1.315073741396112,12.0,669.8167993056114,12.000022641735132,12.0,200.0,170.55052885565078,0.0022342683460889845,-159.92665955088285,20.67247931218794,0.060565266972372855
39659.0,0.06307372683382884,0.6805315008211982,171.91817836115308,Clouds,1.3140087457046175,12.0,669.2871891798858,12.000019755254854,12.0,200.0,170.543658387961,0.0022325017568650303,-159.9186073622496,20.6805315008212,0.06051122748749037
39660.0,0.06292175560412894,0.6875030183735681,171.9112696671739,Clouds,1.313085010054338,12.0,668.8297727691203,12.000016862387241,12.0,200.0,170.53772008999408,0.0022309759799531725,-159.91163584469723,20.68750301837357,0.060464567125478465
39661.0,0.06279355690488075,0.6933898450381344,171.90544578180697,Clouds,1.312302682238451,12.0,668.4446982847567,12.000013964056748,12.0,200.0,170.532717804168,0.002229691509733566,-159.90574901803265,20.693389845038134,0.06042529540052957
39662.0,0.06268914010364873,0.6981885892434238,171.90071007635694,Clouds,1.3116618842619636,12.0,668.1320904286857,12.000011061196409,12.0,200.0,170.52865477178517,0.0022286487621669447,-159.90095027382736,20.698188589243426,0.0603934203097819
39663.0,0.0626085124828259,0.7018964880601436,171.89706529332497,Clouds,1.3111627129541878,12.0,667.8920506503206,12.00000815474674,12.0,200.0,170.52553363200641,0.0022278480756521253,-159.89724237501065,20.701896488060143,0.06036894836438208
39664.0,0.06255167928183908,0.7045114155281494,171.89451353811748,Clouds,1.3108052394347822,12.0,667.7246568261677,12.000005245654092,12.0,200.0,170.52335641412324,0.002227289709957172,-159.89462744754263,20.704511415528152,0.06035188455946854
39665.0,0.0625186438147059,0.7060318852164292,171.89305627651632,Clouds,1.3105895092032975,12.0,667.6299632696378,12.000002334869274,12.0,200.0,170.52212453493482,0.0022269738462521223,-159.89310697785436,20.70603188521643,0.06034223237821496
39666.0,0.06250995141595656,0.7064320159537306,171.89269432520808,Clouds,1.3105155412059561,12.0,667.6080002265377,11.999999423345614,12.0,200.0,170.5218387902605,0.0022269005854261273,-159.89270684711704,20.706432015953734,0.06033999374164581
39667.0,0.0625272604654763,0.7056352659439682,171.8934278563292,Clouds,1.3105833285893982,12.0,667.6587742470869,11.999996512037784,12.0,200.0,170.52249935869162,0.002227069949328368,-159.89350359712682,20.705635265943968,0.06034516904816435
39668.0,0.06256836615097627,0.7037435329640562,171.89525639491077,Clouds,1.3107928384087382,12.0,667.7822680320335,11.999993601900119,12.0,200.0,170.52410579934477,0.002227481880254751,-159.89539533010674,20.703743532964054,0.060357757157271964
39669.0,0.06263326466316455,0.7007579587653184,171.8981788198856,Clouds,1.3111440116690236,12.0,667.97844046068,11.999990693885062,12.0,200.0,170.52665705282405,0.002228136241041394,-159.89838090430547,20.70075795876532,0.06037775539252284
39670.0,0.06272195029754724,0.6966803269062626,171.90219336830825,Clouds,1.3116367636559194,12.0,668.2472267781068,11.99998778894173,12.0,200.0,170.53015144509342,0.002229032815689135,-159.90245853616452,20.69668032690626,0.060405159558910154
39671.0,0.06283441527494904,0.6915130644498063,171.90729763361642,Clouds,1.3122709833689605,12.0,668.5885383325115,11.999984888014007,12.0,200.0,170.53458668633328,0.002230171308487392,-159.90762579862098,20.691513064449808,0.06043996391415358
39672.0,0.06297064978379119,0.6852592311262793,171.9134885764429,Clouds,1.3130465344550732,12.0,669.0022630931215,11.999981992039395,12.0,200.0,170.5399598807691,0.0022315513457417317,-159.9138796319445,20.685259231126278,0.060482161218736556
39673.0,0.06313064187455891,0.677922513018606,171.92076253089837,Clouds,1.3139632554347007,12.0,669.48826581535,11.99997910194753,12.0,200.0,170.54626753271495,0.002233172476324771,-159.92121635005216,20.677922513018604,0.06053174274874851
39674.0,0.06331437722890904,0.6695072197707187,171.9291152073227,Clouds,1.3150209593496645,12.0,670.0463879197106,11.999976218658333,12.0,200.0,170.5535055496935,0.0022350341712722827,-159.92963164330007,20.66950721977072,0.060588698279505304
39675.0,0.06352183913414533,0.6600182702274094,171.93854170662192,Clouds,1.316219434797461,12.0,670.6764480918445,11.999973343080956,12.0,200.0,170.56166925568309,0.002237135825784665,-159.93912059284338,20.66001827022741,0.060653016141362204
39676.0,0.06375300828848118,0.6494611837826646,171.94903652888772,Clouds,1.3175584461123284,12.0,671.3782424545551,11.999970476112278,12.0,200.0,170.57075339954355,0.0022394767598007924,-159.94967767928813,20.649461183782666,0.06072468323185462
39677.0,0.06400786262812674,0.6378420687628286,171.96059358498445,Clouds,1.3190377338235897,12.0,672.1515448914229,11.999967618635553,12.0,200.0,170.58075216611869,0.0022420562190774754,-159.96129679430797,20.63784206876283,0.060803685042169944
39678.0,0.06428637717006563,0.6251676082476988,171.97320621070304,Clouds,1.3206570153454964,12.0,672.9961074979753,11.999964771519252,12.0,200.0,170.59165918966193,0.002244873376694404,-159.97397125482308,20.6251676082477,0.060890005695591276
39679.0,0.06458852371446455,0.6114450505461636,171.98686717624977,Clouds,1.3224159849599395,12.0,673.9116606795704,11.999961935615428,12.0,200.0,170.6034675633395,0.0022479273333806497,-159.9876938125246,20.611445050546166,0.06098362795032439
39680.0,0.06491427072717931,0.5966821898587056,172.00156870556694,Clouds,1.3243143149892247,12.0,674.89791386675,11.999959111758933,12.0,200.0,170.616169857314,0.002251217119900828,-160.0024566732121,20.596682189858704,0.061084533263701654
39681.0,0.06526358310859343,0.5808873506566818,172.01730249192838,Clouds,1.3263516563985154,12.0,675.9545559460983,11.999956300766286,12.0,200.0,170.62975813370252,0.0022547416984922894,-160.01825151241408,20.58088735065668,0.06119270182734566
39682.0,0.06563642184542506,0.5640693759996465,172.03405970958872,Clouds,1.3285276387981868,12.0,677.0812553921862,11.9999535034341,12.0,200.0,170.6442239582195,0.0022584999633052352,-160.03506948707113,20.564069375999647,0.06130811257102294
39683.0,0.06603274396414877,0.5462376010332486,172.05183104028345,Clouds,1.3308418723219568,12.0,678.277661364455,11.999950720539017,12.0,200.0,170.65955842469637,0.00226249074406153,-160.05290126203755,20.54623760103325,0.061430743265112456
39684.0,0.0664525020872665,0.527401843381199,172.07060668279667,Clouds,1.3332939472147585,12.0,679.543403640768,11.99994795283585,12.0,200.0,170.67575216507961,0.002266712805833054,-160.07173701968958,20.5274018433812,0.06156057050228674
39685.0,0.0668956443141871,0.5075723780029533,172.09037637809985,Clouds,1.3358834354074411,12.0,680.8780935710517,11.999945201057411,12.0,200.0,170.69279537290714,0.0022711648522227056,-160.09156648506786,20.507572378002955,0.06169756978526229
39686.0,0.06736211384117147,0.48675992304175,172.11112942347216,Clouds,1.3386098905860426,12.0,682.2813242684999,11.999942465913069,12.0,200.0,170.71067781735263,0.0022758455260021918,-160.11237894002903,20.486759923041753,0.06184171553348586
39687.0,0.06785184887172147,0.464975612093838,172.1328547002359,Clouds,1.341472850016826,12.0,683.7526716997497,11.99993974808896,12.0,200.0,170.72938886903503,0.0022807534127484612,-160.13416325097694,20.464975612093838,0.06199298118402578
39688.0,0.06836478219571601,0.44223098085422746,172.1555406870774,Clouds,1.3444718344232687,12.0,685.2916947874014,11.999937048246455,12.0,200.0,170.74891751346485,0.002285887041185677,-160.15690788221656,20.442230980854227,0.0621513391892815
39689.0,0.06890084103034055,0.41853794179953574,172.1791754853631,Clouds,1.3476063494220458,12.0,686.8979363097344,11.999934367022114,12.0,200.0,170.76925237484434,0.0022912448861863444,-160.18060092127126,20.418537941799535,0.06231676109670886
39690.0,0.06945994676655964,0.39390876298357913,172.2037468403339,Clouds,1.3508758863904566,12.0,688.5709235137157,11.999931705027224,12.0,200.0,170.7903817363443,0.0022968253708160855,-160.2052301000872,20.39390876298358,0.06248921759915295
39691.0,0.07003575680724916,0.3686302965957377,172.2289679125262,Clouds,1.3540056759844927,12.0,690.3101685294339,11.999929062846853,12.0,200.0,170.81229355797836,0.0023026268677160447,-160.23050856647504,20.36863029659574,0.06266867856332833
39692.0,0.07060704290610148,0.3436357320578425,172.2539055246881,Clouds,1.3560749091228266,12.0,692.1151694116993,11.999926441040456,12.0,200.0,170.83497550244073,0.002308647702577292,-160.25550313101294,20.34363573205784,0.0628551131245453
39693.0,0.07119962849409894,0.31779748442911593,172.27968727334837,Clouds,1.358223832426161,12.0,693.9854104108155,11.99992384014068,12.0,200.0,170.8584149512218,0.002314886155044019,-160.28134137864168,20.317797484429114,0.06304848970041374
39694.0,0.07181339734310432,0.2911285924308727,172.30630013080219,Clouds,1.3604523258143928,12.0,695.9203628966517,11.999921260653835,12.0,200.0,170.88259902891576,0.0023213404617959126,-160.3080102706399,20.291128592430873,0.06324877607205695
39695.0,0.0724482266236311,0.2636423343931089,172.33373082914792,Clouds,1.3627602684140274,12.0,697.9194857947276,11.99991870305914,12.0,200.0,170.90751462131823,0.0023280088180027783,-160.3354965286777,20.26364233439311,0.06345593941564145
39696.0,0.07310398686253239,0.23535220368799767,172.36196588487155,Clouds,1.3651475383929093,12.0,699.9822265573594,11.999916167809555,12.0,200.0,170.93314840009074,0.0023348893805639342,-160.3637866593828,20.235352203688,0.06366994638786898
39697.0,0.07378054172365606,0.20627189256858064,172.39099161498913,Clouds,1.3676140120533327,12.0,702.1080215355797,11.999913655330902,12.0,200.0,170.95948683978457,0.002341980269348803,-160.39286697050218,20.20627189256858,0.06389076315126646
39698.0,0.07447774794839385,0.17641526989425882,172.420794159334,Clouds,1.370159563433756,12.0,704.2962968149141,11.999911166022459,12.0,200.0,170.98651624045456,0.0023492795699847596,-160.42272359317653,20.176415269894257,0.06411835544568935
39699.0,0.0751954552525016,0.14579636166155396,172.4513595000286,Clouds,1.3727840636772448,12.0,706.5464688645054,11.999908700257082,12.0,200.0,171.01422274770994,0.0023567853360223806,-160.45334250140922,20.145796361661557,0.06435268864138763
39700.0,0.07593350620775352,0.11442933314184664,172.4826734793402,Clouds,1.3754873802780534,12.0,708.8579450862005,11.99990625838091,12.0,200.0,171.04259237127934,0.002364495590766998,-160.48470952992892,20.11442933314185,0.06459372778281275
39701.0,0.07669173623615066,0.08232846726494979,172.51472182132173,Clouds,1.3782693766911869,12.0,711.2301246631173,11.999903840714477,12.0,200.0,171.071611006969,0.0023724083301092163,-160.51681039580583,20.08232846726495,0.06484143766152473
39702.0,0.0774699735005146,0.04950814852028123,172.54749014789783,Clouds,1.381129911506229,12.0,713.6623990209307,11.999901447552142,12.0,200.0,171.10126445354103,0.0023805215240635933,-160.5496307145505,20.04950814852028,0.06509578285058487
39703.0,0.07826803890519762,0.01598284333265923,172.58096399850768,Clouds,1.384068837990596,12.0,716.1541525738884,11.999899079162931,12.0,200.0,171.13153843274827,0.002388833119257084,-160.58315601973814,20.015982843332658,0.06535672776881325
39704.0,0.07908574607637059,-0.018232917481922843,172.61512884765722,Clouds,1.3870860035216088,12.0,718.7047633407334,11.999896735790928,12.0,200.0,171.16241860740485,0.002397341040983537,-160.6173717805527,19.98176708251808,0.06562423673080117
39705.0,0.07992290134941071,-0.053124555328518674,172.64997012153066,Clouds,1.3901812490150016,12.0,721.313603514693,11.99989441765522,12.0,200.0,171.1938905985228,0.0024060431951049713,-160.65226341839931,19.94687544467148,0.06589827399283352
39706.0,0.08077930381830228,-0.08867746176901362,172.68547321595446,Clouds,1.393354408563676,12.0,723.9800401599787,11.999892124951218,12.0,200.0,171.2259400035779,0.002414937470374851,-160.6878163248398,19.911322538230987,0.06617880381287158
39707.0,0.0816547453507453,-0.12487701373117062,172.72162351159932,Clouds,1.3966053089271298,12.0,726.7034357280853,11.99988985785032,12.0,200.0,171.25855241218122,0.002424021740160272,-160.72401587680196,19.875122986268828,0.06646579049097093
39708.0,0.08254902150669519,-0.1617085898452898,172.75840639033873,Clouds,1.3999337692262888,12.0,729.4831486870826,11.999887616500928,12.0,200.0,171.29171342268938,0.0024332938645410572,-160.76084745291607,19.83829141015471,0.06675919842304272
39709.0,0.08346188737514693,-0.1991575854455243,172.79580725026273,Clouds,1.4033396006260093,12.0,732.3185340773498,11.999885401029013,12.0,200.0,171.3254086574904,0.0024427516921634827,-160.7982964485163,19.800842414554477,0.06705899214626153
39710.0,0.08439312536748544,-0.23720942732267675,172.83381152043322,Clouds,1.4068226061049578,12.0,735.2089440754224,11.999883211538247,12.0,200.0,171.3596237779425,0.0024523930621210706,-160.83634829039346,19.762790572677325,0.06736513638575042
39711.0,0.08534249926539217,-0.2758495875663701,172.87240467475712,Clouds,1.410382580259077,12.0,738.1537285189211,11.999881048111412,12.0,200.0,171.39434449839942,0.002462215805705563,-160.87498845063718,19.72415041243363,0.06767759609864628
39712.0,0.0863097661185721,-0.31506359735671585,172.9115722457746,Clouds,1.4140193092129194,12.0,741.1522354534744,11.999878910810258,12.0,200.0,171.42955660004165,0.0024722177482312596,-160.91420246042753,19.684936402643284,0.06799633652000882
39713.0,0.08729467638948946,-0.35483705967800994,172.95129983739628,Clouds,1.417732570550222,12.0,744.2038116282159,11.999876799676585,12.0,200.0,171.46524594364274,0.0024823967106878185,-160.95397592274878,19.64516294032199,0.06832132320335581
39714.0,0.08829697412028947,-0.3951556616708427,172.99157313726784,Clouds,1.421522133325064,12.0,747.307802991204,11.999874714732803,12.0,200.0,171.5013984818795,0.002492750511392798,-160.99429452474163,19.60484433832916,0.06865252206328867
39715.0,0.08931639710829514,-0.43600518609607897,173.03237792825092,Clouds,1.4253877581058707,12.0,750.4635551457233,11.999872655982735,12.0,200.0,171.53800027073282,0.0025032769675137167,-161.0351440491669,19.56399481390392,0.06898989941223524
39716.0,0.09035267712777534,-0.4773715234492943,173.07370010054245,Clouds,1.4293291971922537,12.0,753.6704138849224,11.999870623411827,12.0,200.0,171.57503748134272,0.002513973896851409,-161.07651038652008,19.522628476550704,0.06933342200751802
39717.0,0.09140554009768725,-0.519240680744567,173.11552566049073,Clouds,1.4333461946298907,12.0,756.9277254992821,11.999868616988639,12.0,200.0,171.612496408786,0.0025248391188656323,-161.11837954381537,19.480759319255434,0.06968305707485395
39718.0,0.09247470635219673,-0.5615987932772266,173.15784074235603,Clouds,1.4374384866124115,12.0,760.2348373408267,11.99986663666475,12.0,200.0,171.65036348338478,0.0025358704565570716,-161.16073765634803,19.438401206722773,0.07003877235883252
39719.0,0.0935598908519022,-0.6044321329271782,173.20063161663896,Clouds,1.4416058016613449,12.0,763.5910981492312,11.999864682375913,12.0,200.0,171.68862527882942,0.0025470657375551166,-161.20357099599798,19.395567867072824,0.07040053614820796
39720.0,0.0946608034395206,-0.647727117193565,173.24388469912762,Clouds,1.4458478609727363,12.0,766.9958584611345,11.999862754042617,12.0,200.0,171.72726852084202,0.0025584227954831822,-161.24686598026437,19.352272882806435,0.07076831731285547
39721.0,0.09577714908826956,-0.6914703169482708,173.28758655866824,Clouds,1.450164378737556,12.0,770.4484709470216,11.999860851570894,12.0,200.0,171.76628009460035,0.00256993947108243,-161.29060918001903,19.30852968305173,0.0711420853303242
39722.0,0.09690862821689578,-0.7356484658563185,173.33172392659168,Clouds,1.454555062718874,12.0,773.9482909061659,11.99985897485259,12.0,200.0,171.80564705354027,0.0025816136138627137,-161.33478732892712,19.26435153414368,0.07152181033254663
39723.0,0.09805493688787131,-0.7802484643322748,173.37628370070036,Clouds,1.459019614376599,12.0,777.4946763583322,11.999857123766766,12.0,200.0,171.84535662321554,0.002593443082408471,-161.37938732740307,19.219751535667726,0.07190746310820147
39724.0,0.09921576717493524,-0.8252573892802766,173.4212529550072,Clouds,1.4635577296490074,12.0,781.0869886165874,11.999855298179666,12.0,200.0,171.8853962102004,0.0026054257462894124,-161.42439625235107,19.174742610719726,0.07229901515774859
39725.0,0.10039080740840672,-0.8706624982704357,173.4666189439352,Clouds,1.4681690992601117,12.0,784.7245924468804,11.999853497945772,12.0,200.0,171.9257534059704,0.0026175594865928227,-161.4698013613412,19.129337501729566,0.07269643870474146
39726.0,0.10157974248460988,-0.9164512354888947,173.51236910827987,Clouds,1.4728534092771888,12.0,788.4068563916015,11.999851722908362,12.0,200.0,171.966415992277,0.0026298421970028397,-161.5155900985597,19.083548764511104,0.07309970672566732
39727.0,0.10278225415176795,-0.9626112361026182,173.5584910795896,Clouds,1.47761034157603,12.0,792.133152990809,11.999849972900254,12.0,200.0,172.00737194504597,0.0026422717845383855,-161.56175009917342,19.03738876389738,0.07350879296756638
39728.0,0.10399802138060127,-1.0091303332520134,173.60497268716384,Clouds,1.482439574643724,12.0,795.9028592384528,11.999848247744039,12.0,200.0,172.0486094405257,0.002654846171074967,-161.60826919632282,18.990869666747987,0.0739236719943939
39729.0,0.10522672055844107,-1.0559965577091226,173.65180195773928,Clouds,1.4873407836834218,12.0,799.7153564704513,11.999846547253386,12.0,200.0,172.09011685488665,0.0026675632929713373,-161.6551354207799,18.944003442290878,0.07434431916921426
39729.074,0.10531814925010141,-1.0594781279654986,173.65528081458078,Clouds,1.4877063243600759,12.0,799.9991648003117,11.999846422391926,12.0,200.0,172.09319881460462,0.0026685099756589333,-161.6586169910363,18.940521872034502,0.07437567561607691
63704.521,0.10536128925419275,-1.0611206082788736,173.65590128073651,Clouds,1.4884069971284024,12.0,799.9918519617279,12.000200601425115,12.0,200.0,172.09311941602272,0.0026684855826550774,-161.66025947134966,18.938879391721127,0.07437486758537996
63705.0,0.10458892215969023,-1.03168724806285,173.62648023021057,Clouds,1.4853165570970068,12.0,797.5947122086493,12.000200035110721,12.0,200.0,172.0670534644992,0.0026604895851270855,-161.63082611113364,18.968312751937148,0.07411020861437695
63706.0,0.10298243469444696,-0.9702809911949763,173.5651000358136,Clouds,1.4789147215645477,12.0,792.6122594871583,12.000198836086417,12.0,200.0,172.0126238501737,0.0026438699117879686,-161.5694198542658,19.029719008805024,0.07356146407535014
63707.0,0.10138437721658378,-0.9089376208583012,173.50378322760093,Clouds,1.472580898409003,12.0,787.6600475251018,12.000197614067776,12.0,200.0,171.95818448907812,0.00262735111076444,-161.5080764839291,19.0910623791417,0.07301784011383061
63708.0,0.0997951849410168,-0.8476660004403713,173.44253867845978,Clouds,1.4663155366135083,12.0,782.7386564085517,12.000196368617333,12.0,200.0,171.90374379202936,0.002610935117015358,-161.44680486351118,19.152333999559627,0.072479349816944
63709.0,0.09821529607770962,-0.7864753128134323,173.38137558086555,Clouds,1.4601190863449802,12.0,777.8486766842929,12.000195099292839,12.0,200.0,171.84931048692056,0.0025946239003927607,-161.38561417588423,19.213524687186567,0.07194600759998801
63710.0,0.09664515177139699,-0.7253750821481729,173.32030346868078,Clouds,1.4539919988699082,12.0,772.9907107012505,12.000193805647946,12.0,200.0,171.79489364046685,0.0025784194701163913,-161.32451394521897,19.274624917851828,0.07141782934402782
63711.0,0.09508519522397463,-0.6643751648900942,173.2593322081341,Clouds,1.4479347231888298,12.0,768.1653714886521,12.000192487232082,12.0,200.0,171.74050265267692,0.0025623238710316457,-161.2635140279609,19.335624835109904,0.07089483226837527
63712.0,0.09353587141611908,-0.6034857646148244,173.1984720126633,Clouds,1.441947704961497,12.0,763.3732835533336,12.000191143591026,12.0,200.0,171.6861472726925,0.0025463391862691007,-161.20262462768562,19.396514235385176,0.07037703500931962
63713.0,0.09199762652277949,-0.5427174356961998,173.1377334465765,Clouds,1.4360313841430439,12.0,758.6150827922432,12.000189774267213,12.0,200.0,171.63183760482792,0.0025304675369526583,-161.14185629876698,19.4572825643038,0.0698644576055439
63714.0,0.09047090736294305,-0.4820810888925937,173.07712743063013,Clouds,1.430186192657058,12.0,753.8914165715269,12.000188378800116,12.0,200.0,171.57758411647308,0.002514711082463345,-161.0812199519634,19.517918911107405,0.06935712150002456
63715.0,0.08895616088060015,-0.421587998741056,173.01666524941226,Clouds,1.4244125520711572,12.0,749.2029439593405,12.00018695672676,12.0,200.0,171.52339764778037,0.002499072021215892,-161.02072686181185,19.578412001258943,0.06885504956069069
63716.0,0.08745383333841705,-0.36124979994063366,172.95635854772158,Clouds,1.4187108700420492,12.0,744.5503351239616,12.000185507581897,12.0,200.0,171.4692894116686,0.0024835525886510515,-160.96038866301143,19.638750200059366,0.0683582660109197
63717.0,0.08596437007684421,-0.301078506755093,172.89621934994915,Clouds,1.4130815387685678,12.0,739.934272531551,12.000184030898989,12.0,200.0,171.41527101462748,0.0024681550612308963,-160.9002173698259,19.698921493244907,0.06786679655307931
63718.0,0.08448821445914906,-0.2410865000814347,172.8362600471467,Clouds,1.4075249301689998,12.0,735.3554496702232,12.000182526210212,12.0,200.0,171.3613544487481,0.0024528817521827823,-160.8402253631522,19.758913499918563,0.06738066822959353
63719.0,0.08302580763914014,-0.18128654786510529,172.77649341741753,Clouds,1.402041393993831,12.0,730.8145723629332,12.000180993047572,12.0,200.0,171.30755211386548,0.0024377350158786624,-160.7804254109359,19.818713452134894,0.066899909558223
63720.0,0.08157757569111945,-0.12169179335175868,172.71693261416505,Clouds,1.3966312527043367,12.0,726.312357645842,12.000179430943048,12.0,200.0,171.25387681104908,0.002422717244093719,-160.72083065642255,19.878308206648242,0.06642455041161413
63721.0,0.08014397485187114,-0.0623157658367245,172.65759117682154,Clouds,1.3912947982138975,12.0,721.8495343973564,12.000177839429554,12.0,200.0,171.20034175652728,0.002407830868104615,-160.6614546289075,19.937684234163275,0.06595462208037531
63722.0,0.07872542445097003,-0.003172380233275852,172.59848303040317,Clouds,1.3860322873399855,12.0,717.4268431476751,12.000176218041542,12.0,200.0,171.14696058581032,0.0023930783580542077,-160.6023112433041,19.996827619766723,0.06549015725284527
63723.0,0.07732234903855473,0.05572406201796547,172.5396224864018,Clouds,1.3808439371225951,12.0,713.0450360298079,12.000174566315811,12.0,200.0,171.09374735927145,0.002378462222788166,-160.54341480105282,20.055724062017966,0.0650311900077811
63724.0,0.07593516732918887,0.1143588708298631,172.4810242448862,Clouds,1.3757299199722337,12.0,708.7048768603996,12.000172883792338,12.0,200.0,171.04071656909127,0.0023639850101245695,-160.48477999224093,20.11435887082986,0.06457775582271107
63725.0,0.07456429133610198,0.17271697431165037,172.4227033876444,Clouds,1.3706903577459801,12.0,704.4071406019394,12.000171170014948,12.0,200.0,170.9878831383801,0.0023496493050600338,-160.42642188875914,20.172716974311648,0.06412989151828226
63726.0,0.07321012574353769,0.2307829163819329,172.3646753805484,Clouds,1.3657253163403569,12.0,700.1526135607512,12.000169424532343,12.0,200.0,170.9352624289287,0.002335457730430134,-160.36835594668887,20.23078291638193,0.06368763527930658
63727.0,0.07187306731322562,0.2885408536562343,172.30695607664074,Clouds,1.3608348000094592,12.0,695.9420936797811,12.000167646899296,12.0,200.0,170.882870249945,0.0023214129478860376,-160.31059800941455,20.288540853656233,0.0632510266863046
63728.0,0.07055350387839981,0.34597457120849795,172.2495617003608,Clouds,1.3560187437492186,12.0,691.776389508711,12.00016583667721,12.0,200.0,170.83072285000017,0.002307517654459176,-160.2531642918623,20.345974571208497,0.06282010661141246
63729.0,0.06921396109005207,0.40473439581953596,172.19084193426713,Clouds,1.3496100907931396,12.0,687.6563206028791,12.000163993435457,12.0,200.0,170.77883692621256,0.0022937745838918972,-160.19440446725125,20.404734395819535,0.06239491726141539
63730.0,0.06785580441087363,0.4647999357024471,172.13081717928696,Clouds,1.341612051787239,12.0,683.5827173010507,12.000162116752538,12.0,200.0,170.72722962534095,0.0022801865058961913,-160.13433892736833,20.464799935702448,0.06197550215877559
63731.0,0.06651839008678034,0.5244499302186386,172.07120870498275,Clouds,1.3337282617442487,12.0,679.5564199404225,12.00016020621688,12.0,200.0,170.67591853717434,0.002266756223535225,-160.07468893285215,20.524449930218637,0.06156190606416799
63732.0,0.06520208296355784,0.5836655144100938,172.01203538498032,Clouds,1.325959503928448,12.0,675.5782795397389,12.00015826142866,12.0,200.0,170.62492170599955,0.0022534865755019723,-160.0154733486607,20.583665514410093,0.06115417505231471
63733.0,0.06390723486971095,0.6424273594174423,171.95331655653635,Clouds,1.318306583242166,12.0,671.6491565498769,12.000156282000475,12.0,200.0,170.57425761690652,0.0022403804319516166,-159.95671150365334,20.64242735941744,0.06075235638766747
63734.0,0.06263418417539973,0.7007156677222262,171.89507202525937,Clouds,1.3107703267337665,12.0,667.7699210617025,12.000154267559017,12.0,200.0,170.5239451999724,0.002227440695194882,-159.89842319534856,20.700715667722225,0.06035649855320234
63735.0,0.061383255157434036,0.7585101795969884,171.83732205863203,Clouds,1.3033515827283573,12.0,663.9414523036713,12.000152217746363,12.0,200.0,170.4740038246989,0.0022146702980222113,-159.8406286834738,20.75851017959699,0.05996665120473469
63736.0,0.06015475744432308,0.8157901788147576,171.78008738027077,Clouds,1.296051220176719,12.0,660.164638239529,12.000150132221378,12.0,200.0,170.42445329495604,0.0022020722023618385,-159.78334868425603,20.81579017881476,0.05958286513804134
63737.0,0.05894898553910288,0.8725344978421572,171.72338916469855,Clouds,1.2888701281886819,12.0,656.440375250737,12.000148010661306,12.0,200.0,170.37531384424554,0.002189649398220475,-159.72660436522864,20.872534497842157,0.0592051922643132
63738.0,0.05776621818919031,0.9287215336507986,171.6672490215085,Clouds,1.281809214347899,12.0,652.7695671780335,12.0001458527629,12.0,200.0,170.32660612163878,0.002177404900486301,-159.67041732942,20.9287215336508,0.058833685521823983
63739.0,0.05660671823109803,0.9843292447508323,171.61168899828232,Clouds,1.274869405540076,12.0,649.1531256505832,12.000143658244642,12.0,200.0,170.278351193823,0.0021653417500268907,-159.61480961831995,20.984329244750835,0.05846839891925783
63740.0,0.055470715861747955,1.0393351754603326,171.55673155630063,Clouds,1.2680516454761859,12.0,645.5919686945709,12.000141426847687,12.0,200.0,170.23057052341957,0.0021534630090479824,-159.55980368761044,21.03933517546033,0.05810938740485601
63741.0,0.054358470587360486,1.0937164616554764,171.50239956474852,Clouds,1.2613568947048581,12.0,642.0870206172283,12.000139158337873,12.0,200.0,170.18328596317826,0.0021417717607066294,-159.5054224014153,21.093716461655475,0.05775670686541999
63742.0,0.053270180795297994,1.147449845655194,171.44871628579523,Clouds,1.2547861296192362,12.0,638.6392113594633,12.0001368525074,12.0,200.0,170.13651974210163,0.0021302711069518076,-159.4516890174156,21.147449845655192,0.057410414074363994
63743.0,0.05220604163713555,1.2005116994658365,171.39570535132094,Clouds,1.2483403406037241,12.0,635.2494753851676,12.000134509176107,12.0,200.0,170.09029444412633,0.002118964164819542,-159.39862716360494,21.200511699465835,0.05707056659088565
63744.0,0.05116623099144285,1.252878031224838,171.3433907564202,Clouds,1.2420205324003457,12.0,631.9187517180586,12.000132128193941,12.0,200.0,170.04463300124232,0.0021078540665557992,-159.34626083184594,21.25287803122484,0.056737222777532195
63745.0,0.05015090913794196,1.3045245170720232,171.29179682750902,Clouds,1.2358277215327433,12.0,628.6479824270549,12.00012970944193,12.0,200.0,169.99955866431355,0.0020969439545642436,-159.29461434599875,21.304524517072025,0.056410441662735455
63746.0,0.04916021886801997,1.355426516447173,171.24094820698008,Clouds,1.2297629359284505,12.0,625.4381122485302,12.000127252834373,12.0,200.0,169.95509498813462,0.002086236980146212,-159.24371234662362,21.355426516447174,0.05609028291700803
63747.0,0.04819428552144872,1.4055590962199958,171.19086982903497,Clouds,1.2238272136351163,12.0,622.2900877222223,12.000124758320569,12.0,200.0,169.9112658086179,0.0020757363006184176,-159.1935797668508,21.405559096219996,0.055776806781901014
63748.0,0.047253216979490476,1.4548970626585709,171.141586887687,Clouds,1.2180216007887081,12.0,619.2048559179842,12.000122225886145,12.0,200.0,169.86809521293839,0.0020654450750658454,-159.1442418004122,21.454897062658567,0.05547007395987692
63749.0,0.046337104045605426,1.5034149787659072,171.0931248193706,Clouds,1.2123471514970956,12.0,616.183364160938,12.000119655555554,12.0,200.0,169.82560752227144,0.0020553664634249675,-159.09572388430487,21.503414978765907,0.05517014560207505
63750.0,0.04544602049074409,1.5510872047023152,171.04550926249888,Clouds,1.2068049251697377,12.0,613.2265583943288,12.000117047392996,12.0,200.0,169.78382725416475,0.0020455036210228106,-159.04805165836848,21.551087204702316,0.054877083164432336
63751.0,0.04458002348256229,1.5978879237442754,170.99876603145822,Clouds,1.2013959857432377,12.0,610.3353825312438,12.000114401504556,12.0,200.0,169.74277909735534,0.002035859696414524,-159.0012509393265,21.597887923744278,0.054590948359652364
63752.0,0.04373915396298006,1.6437911764513182,170.9529210824061,Clouds,1.1961214001159743,12.0,607.5107773760807,12.000111718039841,12.0,200.0,169.70248787922046,0.0020264378277857834,-158.95534768661946,21.643791176451316,0.054311803069677915
63753.0,0.042923437024541045,1.6887709006274751,170.90800047328233,Clouds,1.1909822360979823,12.0,604.7536792744763,12.000108997193232,12.0,200.0,169.66297852795378,0.0020172411384494415,-158.9103679624433,21.688770900627475,0.054039709230565544
63754.0,0.04213288247909669,1.7328009664016297,170.86403032869129,Clouds,1.1859795611064647,12.0,602.0650191474335,12.00010623920562,12.0,200.0,169.6242760388283,0.0020082727336237175,-158.86633789666917,21.73280096640163,0.05377472875652372
63755.0,0.041367465122938527,1.7758552114104256,170.82103680467634,Clouds,1.1811144410102052,12.0,599.4457215952503,12.000103444366363,12.0,200.0,169.58640544019482,0.00199953569744323,-158.82328365166035,21.775855211410423,0.053516923471293
63756.0,0.04062720609227797,1.8179074947341765,170.77904603478046,Clouds,1.1763879370134886,12.0,596.8967029407913,12.000100613013455,12.0,200.0,169.54939174283135,0.001991033086432052,-158.78123136833662,21.817907494734175,0.053266354935645806
63757.0,0.03991205318628497,1.8589317272307002,170.7380840996564,Clouds,1.1718011053890334,12.0,594.4188707860532,12.00009774553611,12.0,200.0,169.5132599098432,0.0019827679280245707,-158.74020713584008,21.8589317272307,0.0530230844241248
63758.0,0.03922196144920019,1.898901927298651,170.69817697130094,Clouds,1.167354994485807,12.0,592.0131220993215,12.000094842374866,12.0,200.0,169.47803480405668,0.001974743214184933,-158.70023693577212,21.898901927298652,0.05278717275846806
63759.0,0.03855686863600067,1.93779225804146,170.6593504758452,Clouds,1.1630506439832051,12.0,589.6803424977876,12.000091904023716,12.0,200.0,169.44374115160434,0.001966961899014109,-158.66134660502934,21.937792258041462,0.05255868025764844
63760.0,0.03791671856320211,1.9755770872115197,170.6216302336193,Clouds,1.158889081736977,12.0,587.4214042268304,12.000088931029682,12.0,200.0,169.41040348531996,0.0019594268920095064,-158.62356177585926,21.975577087211523,0.05233766656233923
63761.0,0.037301427472996376,2.01223102678909,170.5850416195301,Clouds,1.1548713230282528,12.0,585.237165424269,12.00008592399483,12.0,200.0,169.37804610591908,0.0019521410556107754,-158.58690783628168,22.01223102678909,0.05212419058280033
63762.0,0.03671090850349797,2.0477289884240695,170.54960970761675,Clouds,1.150998368162191,12.0,583.1284684896971,12.000082883576397,12.0,200.0,169.34669302909174,0.0019451071997604993,-158.5514098746467,22.04772898842407,0.05191831036283332
63763.0,0.03614506659936528,2.0820462372080093,170.51535921727438,Clouds,1.1472712003668548,12.0,581.0961386084704,12.000079810486993,12.0,200.0,169.31636793395154,0.0019383280769807436,-158.51709262586277,22.08204623720801,0.05172008295599531
63764.0,0.035603799562870596,2.1151584413903475,170.48231446352037,Clouds,1.1436907842268356,12.0,579.1409825602262,12.000076705495403,12.0,200.0,169.287094114962,0.0019318063783987061,-158.48398042168046,22.115158441390346,0.05152956433153502
63765.0,0.03508699900699131,2.1470417300929268,170.45049929929263,Clouds,1.1402580633197847,12.0,577.263787092477,12.000073569426023,12.0,200.0,169.25889442673554,0.0019255447283216076,-158.45209713297785,22.147041730092923,0.05134680923730578
63766.0,0.034594551471572144,2.1776727425941185,170.41993706614704,Clouds,1.1369739588300813,12.0,575.465317821333,12.000070403159695,12.0,200.0,169.2317912362027,0.0019195456805698992,-158.42146612047668,22.17767274259412,0.051171871114260435
63767.0,0.0341263393863994,2.2070286879808503,170.3906505346323,Clouds,1.1338393670818872,12.0,573.7463175452532,12.000067207632483,12.0,200.0,169.20580636559725,0.00191381171285254,-158.39211017508995,22.207028687980852,0.05100480195315547
63768.0,0.03368224217378674,2.235087396575166,170.36266185286024,Clouds,1.1308551579880974,12.0,572.1075050560975,12.000063983835824,12.0,200.0,169.1809610426719,0.0019083452228010936,-158.36405146649562,22.235087396575164,0.05084565220026582
63769.0,0.03326213725252643,2.261827377268528,170.33599248920186,Clouds,1.128022172870005,12.0,570.5495736101325,12.000060732815141,12.0,200.0,169.15727584570243,0.0019031485228695527,-158.33731148580225,22.261827377268524,0.05069447062945116
63770.0,0.03286590113427254,2.287227868159451,170.3106631816496,Clouds,1.1253412229803634,12.0,569.0731897852072,12.00005745566984,12.0,200.0,169.1347706544185,0.0018982238365222888,-158.31191099491133,22.28722786815945,0.05055130425075309
63771.0,0.032493410402620715,2.3112688931205354,170.2866938812936,Clouds,1.1228130873605149,12.0,567.6789919802827,12.000054153551336,12.0,200.0,169.113464595748,0.0018935732932290202,-158.28786996995024,22.311268893120534,0.05041619818506183
63772.0,0.03214454273171898,2.3339313137487343,170.26410370040213,Clouds,1.1204385111381645,12.0,566.3675891612423,12.000050827661637,12.0,200.0,169.0933759937028,0.001889198924281285,-158.26520754932207,22.333931313748735,0.05028919556112174
63773.0,0.03181917789823728,2.3551968789034454,170.24291086290017,Clouds,1.1182182040031314,12.0,565.1395597122013,12.000047479252586,12.0,200.0,169.07452232147415,0.0018851026589608243,-158.24394198416735,22.35519687890345,0.0501703374229104
63774.0,0.03151719870211593,2.375048276727357,170.2231326524105,Clouds,1.116152838328078,12.0,563.9954501026592,12.000044109623019,12.0,200.0,169.05692015146445,0.00188128632009368,-158.22409058634344,22.375048276727355,0.05005966261796091
63775.0,0.031238491904005728,2.3934691815324833,170.2047853653999,Clouds,1.1142430477140999,12.0,562.9357737978924,12.000040720117273,12.0,200.0,169.0405851099768,0.0018777516204156557,-158.2056696815383,22.393469181532485,0.049957207708993055
63776.0,0.030982949098491218,2.410444300194175,170.18788426483525,Clouds,1.1124894254516347,12.0,561.9610101360388,12.0000373121229,12.0,200.0,169.02553183250257,0.0018745001588266732,-158.1886945628766,22.410444300194175,0.04986300688105273
63777.0,0.0307504675439795,2.425959416123736,170.1724435362738,Clouds,1.1108925230804476,12.0,561.0716032736809,12.000033887067762,12.0,200.0,169.01177392133832,0.001871533416873619,-158.17317944694705,22.425959416123735,0.049777091855044545
63778.0,0.03054094681206137,2.4400014302595467,170.1584762469219,Clouds,1.1094528490843925,12.0,560.2679612211098,12.000030446417753,12.0,200.0,168.99932390602936,0.0018688527555323282,-158.15913743281124,22.44000143025955,0.04969949180816892
63779.0,0.030354306168444964,2.452558399704228,170.14599430706355,Clouds,1.1081708676385713,12.0,559.5504549235766,12.000026991673769,12.0,200.0,168.9881932061266,0.0018664594121429719,-158.14658046336655,22.452558399704227,0.04963023329839339
63780.0,0.030190460078631173,2.4636195734560755,170.1350084343921,Clouds,1.1070469974468171,12.0,558.9194174106814,12.000023524368807,12.0,200.0,168.9783920967509,0.001864354497572722,-158.1355192896147,22.463619573456075,0.04956934019435955
63781.0,0.030049335724496015,2.4731754240913952,170.12552812240773,Clouds,1.1060816107738027,12.0,558.3751430723455,12.000020046064293,12.0,200.0,168.9699296780177,0.0018625389938006563,-158.1259634389794,22.473175424091394,0.04951683361621887
63782.0,0.029930869277911453,2.4812176770672143,170.11756161117899,Clouds,1.105275032477918,12.0,557.9178869563185,12.000016558347134,12.0,200.0,168.9628138468239,0.0018610137515744926,-158.11792118600357,22.481217677067214,0.049472731877170995
63783.0,0.02983500636851504,2.487739336271408,170.11111586186888,Clouds,1.104627539177351,12.0,557.5478641607981,12.000013062826195,12.0,200.0,168.95705127225784,0.0018597794883845882,-158.11139952679937,22.48773933627141,0.04943705043370599
63784.0,0.029761702501973724,2.492734704334877,170.10619653651108,Clouds,1.104139358691031,12.0,557.2652494009851,12.000009561128252,12.0,200.0,168.95264737596966,0.0018588367870181212,-158.1064041587359,22.49273470433488,0.04940980185039119
63785.0,0.02971092337283293,2.4961994012239277,170.10280797948926,Clouds,1.1038106693741963,12.0,557.0701765415998,12.000006054894676,12.0,200.0,168.94960631435418,0.0018581860939997357,-158.10293946184686,22.49619940122393,0.04939099576089036
63786.0,0.029682645112930447,2.498130378099718,170.10095320376018,Clouds,1.1036415996566344,12.0,556.9627382650967,12.00000254577764,12.0,200.0,168.9479309652633,0.0018578277184848216,-158.1010084849711,22.498130378099717,0.049380638840244705
63787.0,0.029677467728403618,2.498484033851163,170.10063388392035,Clouds,1.1036322279945485,12.0,556.9429859920116,11.999999035435648,12.0,200.0,168.94762292112563,0.0018577618319938242,-158.10065482921962,22.498484033851163,0.04937873480015224
63788.0,0.029696394677399186,2.497191354127955,170.10185034599206,Clouds,1.10378258217864,12.0,557.0109294730357,11.999995525530814,12.0,200.0,168.94868247946164,0.0018579884670515486,-158.10194750894283,22.497191354127956,0.04938528435178885
63789.0,0.029737817546502534,2.4943639529001724,170.10460157377605,Clouds,1.1040926400595183,12.0,557.1665371849436,11.999992017723331,12.0,200.0,168.9511086484728,0.0018585075185078327,-158.10477491017062,22.494363952900173,0.049400285243733216
63790.0,0.029801757186284614,2.4900042290354523,170.10888520436762,Clouds,1.104562328840495,12.0,557.4097359652609,11.999988513669159,12.0,200.0,168.9548991433009,0.0018593187423189307,-158.10913463403534,22.490004229035453,0.04942373222618886
63791.0,0.02988824501787505,2.484115914579157,170.11469754148533,Clouds,1.105191525918598,12.0,557.7404115225106,11.999985015014966,12.0,200.0,168.96005039846943,0.0018604217572495121,-158.11502294849163,22.48411591457916,0.049455617097285076
63792.0,0.029997322769812616,2.4767040661804547,170.1220335639741,Clouds,1.105980058923453,12.0,558.1584085310232,11.99998152339488,12.0,200.0,168.96655757634176,0.0018618160451889126,-158.12243479689033,22.476704066180453,0.04949592870890064
63793.0,0.030129042195086563,2.467775048637245,170.13088694217475,Clouds,1.1069277062800467,12.0,558.6635310380086,11.999978040426559,12.0,200.0,168.97441458289418,0.001863500952508981,-158.13136381443354,22.467775048637243,0.049544653000549665
63794.0,0.030283464686321742,2.457336516357421,170.14125005638675,Clouds,1.1080341977023662,12.0,559.2555428567248,11.99997456770768,12.0,200.0,168.9836140856535,0.0018654756913755476,-158.14180234671338,22.457336516357422,0.04960177303090909
63795.0,0.030460660883359542,2.4453973866170946,170.15311402352197,Clouds,1.1092992152645627,12.0,559.9341682996818,11.999971106811898,12.0,200.0,168.99414753921678,0.0018677393421941317,-158.1537414764537,22.445397386617092,0.049667269040609384
63796.0,0.030660714305728688,2.4319678167385352,170.16646871986518,Clouds,1.1107223937995347,12.0,560.6990925653187,11.999967659286016,12.0,200.0,169.00600520758468,0.0018702908548997542,-158.16717104633224,22.431967816738535,0.04974111848099151
63797.0,0.030883704167506968,2.4170591674984667,170.18130281757803,Clouds,1.112303322482193,12.0,561.5499627954713,11.99996422664594,12.0,200.0,169.01917619899027,0.0018731290524842733,-158.18207969557233,22.41705916749847,0.04982329610556377
63798.0,0.03112972946871064,2.400683977725911,170.1976038100545,Clouds,1.1140415450064898,12.0,562.4863883825573,11.999960810374535,12.0,200.0,169.03364849105958,0.0018762526320210407,-158.1984548853449,22.40068397772591,0.04991377398838522
63799.0,0.03139889193947874,2.382855919858963,170.21535805628105,Clouds,1.1159365615322367,12.0,563.5079422653585,11.999957411917816,12.0,200.0,169.04940897311232,0.0018796601689871678,-158.21628294321184,22.38285591985896,0.050012521636509655
63800.0,0.031691299381972765,2.363589759345795,170.23455082137573,Clouds,1.1179878300309496,12.0,564.6141619125855,11.999954032682174,12.0,200.0,169.0664434852726,0.0018833501205443451,-158.235549103725,22.363589759345793,0.050119506072173525
63801.0,0.03200706472923643,2.342901320588836,170.255166310605,Clouds,1.1201947667541967,12.0,565.8045498434024,11.999950674032608,12.0,200.0,169.08473685198342,0.0018873208272751222,-158.25623754248195,22.342901320588837,0.05023469186738057
63802.0,0.03234630533737203,2.320807431931838,170.27718772432445,Clouds,1.1225567487427108,12.0,567.0785752784316,11.999947337289383,12.0,200.0,169.1042729342931,0.0018915705186900718,-158.27833143113895,22.320807431931836,0.050358041288617275
63803.0,0.03270914199714024,2.29732588418009,170.30059729942315,Clouds,1.1250731147650943,12.0,568.4356749453653,11.999944023726423,12.0,200.0,169.12503467029924,0.0018960973159150168,-158.3018129788907,22.297325884180093,0.0504895143588147
63804.0,0.033095697989198807,2.2724753818029098,170.32537635807876,Clouds,1.1277431669003235,12.0,569.8752542485004,11.999940734569352,12.0,200.0,169.1470041222263,0.0019008992355921787,-158.32666348126787,22.272475381802906,0.05062906895215654
63805.0,0.033506098188387276,2.246275487306809,170.3515053633383,Clouds,1.1305661727440706,12.0,571.3966887880474,11.99993747099338,12.0,200.0,169.17016252967002,0.0019059741949480511,-158.35286337576397,22.246275487306807,0.050776660924180594
63806.0,0.033940467988859635,2.218746574074976,170.3789639662541,Clouds,1.1335413666309433,12.0,572.9993253513352,11.999934234122186,12.0,200.0,169.19449035543448,0.0019113200150996969,-158.3803922889958,22.218746574074974,0.05093224418869412
63807.0,0.0343989322775728,2.189909773551218,170.40773105867282,Clouds,1.1366679513922398,12.0,574.6824832034118,11.99993102502667,12.0,200.0,169.21996733645682,0.0019169344253597328,-158.40922908951956,22.18990977355122,0.05109577082375284
63808.0,0.034881614482907344,2.159786915952691,170.4377848324907,Clouds,1.139945100770189,12.0,576.4454557391309,11.999927844723489,12.0,200.0,169.2465725405086,0.0019228150687470962,-158.4393519471181,22.159786915952694,0.051267191211893326
63809.0,0.0353886354436404,2.1284004811680823,170.4691028287465,Clouds,1.143371960716386,12.0,578.287511532414,11.999924694174652,12.0,200.0,169.27428441390782,0.001928959505487006,-158.47073838190272,22.128400481168082,0.05144645412228127
63810.0,0.035920112385035466,2.0957735423324326,170.50166199402977,Clouds,1.1469476514742,12.0,580.2078958139618,11.999921574286748,12.0,200.0,169.30308083572274,0.0019353652179400786,-158.50336532073837,22.09577354233243,0.051633506832822744
63811.0,0.03647615786992983,2.0619297110857837,170.53543873521414,Clouds,1.150671269498552,12.0,582.2058318610888,11.999918485910582,12.0,200.0,169.33293917047075,0.0019420296152383152,-158.537209151985,22.06192971108578,0.05182829524485213
63812.0,0.03705687872319551,2.026893085110041,170.57040897191828,Clouds,1.1545418891614434,12.0,584.2805222711737,11.99991542984108,12.0,200.0,169.363836318771,0.0019489500375328777,-158.57224577796075,22.026893085110043,0.052030763985847134
63813.0,0.03766237510612942,1.9906881878771485,170.6065481967505,Clouds,1.1585585653669344,12.0,586.4311507241182,11.999912406816959,12.0,200.0,169.39574877482445,0.001956123761873016,-158.60845067519364,21.99068818787715,0.05224085655914032
63814.0,0.03829273937307558,1.9533399233627344,170.64383152060935,Clouds,1.1627203345938968,12.0,588.6568828921863,11.999909417521392,12.0,200.0,169.42865267060387,0.001963548005240967,-158.64579893970807,21.953339923362734,0.0524585154115854
63815.0,0.03894806110445048,1.9148735128062786,170.68223373591889,Clouds,1.167026218004774,12.0,590.9568684595383,11.999906462581805,12.0,200.0,169.46252383580511,0.0019712199312883925,-158.68426535026452,21.914873512806277,0.05268368210897374
63816.0,0.03962840304055581,1.8753144581270464,170.72172935324227,Clouds,1.1714752217017748,12.0,593.3302415995852,11.999903542571232,12.0,200.0,169.49733783417992,0.001979136651928666,-158.72382440494374,21.875314458127043,0.05291629736057392
63817.0,0.04033383403186972,1.8346884763010316,170.7622926669024,Clouds,1.1760663403222829,12.0,595.7761232426747,11.999900658008222,12.0,200.0,169.53307002535973,0.001987295234901055,-158.76445038676974,21.834688476301032,0.053156301220412275
63818.0,0.04106440603579535,1.7930214588922786,170.80389779547914,Clouds,1.1807985579648432,12.0,598.2936218994575,11.999897809358147,12.0,200.0,169.56969560436892,0.0019956927065171784,-158.8061174041785,21.793021458892277,0.053403633145394244
63819.0,0.041820178778227024,1.7503394245652173,170.84651872931843,Clouds,1.1856708500250126,12.0,600.8818349661418,11.999894997034193,12.0,200.0,169.6071896471908,0.0020043260560148645,-158.84879943850558,21.75033942456522,0.053658232102612474
63820.0,0.04260113840047974,1.7066684636231677,170.890129386008,Clouds,1.1906821860931787,12.0,603.5398505865321,11.999892221398033,12.0,200.0,169.64552716318337,0.002013192241769245,-158.8924703994476,21.706668463623167,0.05392003673142928
63821.0,0.04340731826359234,1.6620347100230612,170.93470363840612,Clouds,1.1958315298837725,12.0,606.266747917637,11.999889482761818,12.0,200.0,169.68468312317415,0.002022288192178727,-158.93710415304773,21.662034710023057,0.05418898534819312
63822.0,0.044238716708576376,1.616464284718175,170.98021537131348,Clouds,1.201117842588204,12.0,609.0615992136617,11.999886781388858,12.0,200.0,169.72463251259376,0.0020316108126164456,-158.98267457835263,21.616464284718173,0.05446501613153433
63823.0,0.04509531709569553,1.5699832545456263,171.02663852261662,Clouds,1.2065400846449008,12.0,611.9234710499001,11.999884117495046,12.0,200.0,169.7653503707487,0.002041156989512725,-159.02915560852517,21.569983254545626,0.05474806722302054
63824.0,0.04597708698619529,1.5226176081593858,171.07394710740073,Clouds,1.212097215694128,12.0,614.851424572929,11.99988149125098,12.0,200.0,169.80681181497485,0.0020509235911896385,-159.0765212549114,21.522617608159386,0.055038076731771066
63825.0,0.04688397797663413,1.4743932019349162,171.12211527206316,Clouds,1.2177881981920273,12.0,617.844517681932,11.999878902782793,12.0,200.0,169.84899209093902,0.002060907475137123,-159.12474566113588,21.474393201934916,0.05533498293209317
63826.0,0.04781592510286092,1.425335734909599,171.17111731941708,Clouds,1.2236119978401279,12.0,620.9018055057088,11.999876352174187,12.0,200.0,169.89186659728577,0.0020711054896041074,-159.17380312816118,21.4253357349096,0.05563872429117856
63827.0,0.04877284653746777,1.375470713444317,171.22092774406386,Clouds,1.2295675853864247,12.0,624.0223415952833,11.999873839467996,12.0,200.0,169.93541091910785,0.002081514477576628,-159.22366814962646,21.37547071344432,0.05594923956958407
63828.0,0.04975464331083124,1.3248234203514215,171.27152126330145,Clouds,1.2356539380888936,12.0,627.2051789240638,11.999871364667872,12.0,200.0,169.9796008573092,0.002092131280114004,-159.27431544271937,21.32482342035142,0.056266467903350895
63829.0,0.05076119904856785,1.2734188887000406,171.322872843359,Clouds,1.24187004080225,12.0,630.4493706770011,11.999868927740108,12.0,200.0,170.02441245369127,0.002102952738981182,-159.32571997437074,21.273418888700043,0.05659034886545959
63830.0,0.051792379984607506,1.2212818670536152,171.3749577341906,Clouds,1.2482148882807296,12.0,633.7539716642616,11.9998665286151,12.0,200.0,170.06982202331952,0.002113975701364247,-159.37785699601716,21.221281867053612,0.056920822590335665
63831.0,0.05284803473487615,1.1684368024729836,171.42775148651634,Clouds,1.2546874855296009,12.0,637.1180386965556,11.999864167189362,12.0,200.0,170.11580617119057,0.002125197021122378,-159.4307020605978,21.168436802472982,0.05725782979616668
63832.0,0.053927994285789815,1.1149078177247802,171.4812299746519,Clouds,1.261286849016081,12.0,640.5406314007316,11.999861843327288,12.0,200.0,170.16234181378482,0.0021366135615083805,-159.484231045346,21.11490781772478,0.05760131185100341
63833.0,0.05503207227345136,1.0607186794073473,171.53536942841245,Clouds,1.2680120091846667,12.0,644.0208136997912,11.999859556862518,12.0,200.0,170.2094062083209,0.002148222200105485,-159.53842018366345,21.060718679407348,0.05795121090691112
63834.0,0.05616006472113816,1.0058927978744203,171.59014643324008,Clouds,1.274862009232796,12.0,647.5576533316083,11.9998573076003,12.0,200.0,170.2569769541683,0.0021600198272219654,-159.59324606519635,21.00589279787442,0.05830746983894558
63835.0,0.05731176365047236,0.9504531908361785,171.6455379666262,Clouds,1.2818359085275233,12.0,651.1502237711499,11.999855095318566,12.0,200.0,170.30503202567502,0.0021720033523029785,-159.6486856722346,20.95045319083618,0.05867003242368759
63836.0,0.058486903333587414,0.8944224787261201,171.70152140278944,Clouds,1.2889327822650198,12.0,654.7976041843796,11.999852919769985,12.0,200.0,170.35354977720002,0.0021841697037768026,-159.70471638434466,20.894422478726117,0.05903884332441303
63837.0,0.05968524391647256,0.8378228681431594,171.75807452926665,Clouds,1.2961517227550448,12.0,658.4988802154061,11.999850780683506,12.0,200.0,170.40250895835354,0.0021965158316804823,-159.76131599492763,20.83782286814316,0.05941384815805395
63838.0,0.0609065143810818,0.7806761396471003,171.81517555915318,Clouds,1.30349184031603,12.0,662.2531445587373,11.999848677765987,12.0,200.0,170.45188872529457,0.002209038709568662,-159.8184627234237,20.7806761396471,0.05979499354256959
63839.0,0.06215042775045365,0.7230036399854054,171.87280313891188,Clouds,1.310952263746653,12.0,666.0594973023717,11.999846610703852,12.0,200.0,170.5016686480435,0.002221735335658016,-159.87613522308538,20.723003639985404,0.06018222712169754
63840.0,0.06341668172655757,0.66482626442931,171.9309363660654,Clouds,1.318532142212774,12.0,669.9170469846837,11.999844579164392,12.0,200.0,170.5518287261899,0.0022346027363526395,-159.93431259864147,20.66482626442931,0.06057549766274487
63841.0,0.06470495900605056,0.606164457600511,171.98955478840708,Clouds,1.326230644893451,12.0,673.8249104894213,11.999842582797497,12.0,200.0,170.60234938847526,0.002247637965893796,-159.99297440547028,20.60616445760051,0.0609747550383928
63842.0,0.06601492787919722,0.5470382043075063,172.0486384131942,Clouds,1.3340469620296647,12.0,677.7822136506383,11.999840621237018,12.0,200.0,170.65321150088508,0.002260838108377757,-160.05210065876327,20.547038204307505,0.06137995027942085
63843.0,0.06734624280491369,0.48746702452824786,172.1081677121956,Clouds,1.3419803055605741,12.0,681.7880916347233,11.999838694102172,12.0,200.0,170.7043963710279,0.0022742002790301125,-160.11167183854255,20.487467024528247,0.06179103560712843
63844.0,0.06869854495336036,0.4274699725102329,172.16812362262274,Clouds,1.3500299093243509,12.0,685.8416890918,11.999836800998944,12.0,200.0,170.755885748856,0.0022877216247107856,-160.17166889056057,20.42746997251023,0.062207964442370214
63845.0,0.07002812650646817,0.36896470454757757,172.22658847937453,Clouds,1.35629594905549,12.0,689.9421612616566,11.999834941521131,12.0,200.0,170.80766183880547,0.0023013993276030198,-160.23017415852323,20.36896470454758,0.06263069151356675
63846.0,0.07134202316534588,0.3116019202795201,172.28391157377627,Clouds,1.3611451177042033,12.0,694.0886728734424,11.999833115252043,12.0,200.0,170.8597072833337,0.0023152306015431596,-160.2875369427913,20.31160192027952,0.06305917273833332
63847.0,0.07267364631070433,0.25390587715668334,172.34156863912892,Clouds,1.3660700931455332,12.0,698.2803997868484,11.999831321765225,12.0,200.0,170.91200518059503,0.00232921269749504,-160.3452329859141,20.253905877156683,0.06349336538837438
63848.0,0.07402261165962032,0.1958929843556825,172.3995432568253,Clouds,1.3710709551678435,12.0,702.5165284236343,11.999829560625868,12.0,200.0,170.96453907363048,0.0023433429016537647,-160.4032458787151,20.19589298435568,0.06393322802696966
63849.0,0.07538852579117195,0.13757927387671556,172.45781938527443,Clouds,1.376147713478212,12.0,706.7962561615698,11.999827831391828,12.0,200.0,171.01729295124863,0.002357618536759753,-160.46155958919405,20.137579273876717,0.0643787205476035
63850.0,0.07677098680825184,0.07898039903958934,172.51638136142935,Clouds,1.3813003141621871,12.0,711.1187912971078,11.999826133614715,12.0,200.0,171.07025124310047,0.002372036961974233,-160.5201584640312,20.078980399039587,0.06482980416668646
63851.0,0.07816958533321477,0.0201116200698416,172.57521391521692,Clouds,1.3865286469531746,12.0,715.4833540210943,11.999824466840622,12.0,200.0,171.12339882673976,0.002386595576133854,-160.57902724300095,20.02011162006984,0.06528644152398635
63852.0,0.07958390477182109,-0.0390121783497579,172.63430215201572,Clouds,1.391832549377857,12.0,719.889175086037,11.999822830611492,12.0,200.0,171.17672100609482,0.00240129181330518,-160.63815104142054,19.960987821650242,0.06574859654303258
63853.0,0.08101352257339245,-0.09837651071149237,172.69363157629724,Clouds,1.3972118142360777,12.0,724.3354975741506,11.999821224465512,12.0,200.0,171.23020352744697,0.0024161231486822484,-160.69751537378227,19.901623489288507,0.06621623461421479
63854.0,0.08245802134562868,-0.15796726835518637,172.75318806932637,Clouds,1.4026661927029591,12.0,728.8215752936159,11.999819647938406,12.0,200.0,171.28383255419482,0.002431087093237068,-160.75710613142599,19.842032731644814,0.06668932242860497
63855.0,0.08391694495661467,-0.21777073860397286,172.81295790830538,Clouds,1.40819540087135,12.0,733.3466743141652,11.999818100563813,12.0,200.0,171.3375946792956,0.0024461811988417837,-160.81690960167475,19.782229261396026,0.06716782813844341
63856.0,0.08538986877079835,-0.27777359206779934,172.8729277536985,Clouds,1.4137991231679616,12.0,737.9100721597025,11.99981658187426,12.0,200.0,171.39147690925586,0.0024614030555755425,-160.8769124551386,19.7222264079322,0.06765172127468679
63857.0,0.08687635221912982,-0.33796288052872037,172.93308464713186,Clouds,1.419477016455866,12.0,742.5110578229409,11.999815091401825,12.0,200.0,171.4454666579266,0.00247675029177332,-160.93710174359953,19.66203711947128,0.06814097274937159
63858.0,0.08837595221654365,-0.39832604554826656,172.9934160200104,Clouds,1.425228714925362,12.0,747.1489326393021,11.999813628678586,12.0,200.0,171.4995517501332,0.0024922205769409385,-160.99746490861904,19.601673954451734,0.06863555495182543
63859.0,0.08988822332875201,-0.4588508952396202,173.05390967031116,Clouds,1.4310538317572343,12.0,751.8230087515714,11.999812193237586,12.0,200.0,171.55372039696624,0.002507811616633703,-161.05798975831038,19.54114910476038,0.06913544158768231
63860.0,0.09141271897917502,-0.519525623145127,173.11455378146366,Clouds,1.4369519645579039,12.0,756.5326108326494,11.999810784612965,12.0,200.0,171.60796120903967,0.002523521158202884,-161.1186644862159,19.480474376854872,0.06964060786608707
63861.0,0.09294899150364172,-0.5803387811279457,173.17533689526215,Clouds,1.442922696206387,12.0,761.2770742872328,11.999809402340906,12.0,200.0,171.66226316874372,0.002539346984797172,-161.17947764419876,19.419661218872054,0.07015103031206198
63862.0,0.09449659325394438,-0.6412792945310317,173.236247927027,Clouds,1.4489655995727222,12.0,766.0557467452095,11.999808045959748,12.0,200.0,171.71661564052437,0.002555286920344105,-161.24041815760182,19.35872070546897,0.07066668692991054
63863.0,0.09605507689494192,-0.7023364456280061,173.29727614906977,Clouds,1.4550802389978312,12.0,770.8679871139238,11.999806715010639,12.0,200.0,171.7710083529642,0.0025713388263887676,-161.3014753086988,19.297663554371994,0.0711875571077457
63864.0,0.09762399603784866,-0.7634998709998546,173.35841118807787,Clouds,1.4612661729433476,12.0,775.7131657259789,11.999805409037895,12.0,200.0,171.82543139349656,0.0025875006025868033,-161.36263873407063,19.236500129000145,0.071713621637955
63865.0,0.09920290577929963,-0.8247595557474985,173.4196430193349,Clouds,1.467522956177478,12.0,780.5906642544496,11.99980412758937,12.0,200.0,171.87987520044345,0.0026037701864216,-161.42389841881828,19.175240444252502,0.07224486271395333
63866.0,0.10079136314395287,-0.8861058246150388,173.48096195785297,Clouds,1.4738501414901164,12.0,785.4998753913898,11.999802870216854,12.0,200.0,171.93433055246047,0.002620145552131901,-161.48524468768582,19.11389417538496,0.07278126390239609
63867.0,0.10238892787321263,-0.9475293471441215,173.54235866352954,Clouds,1.4802472827096098,12.0,790.4402036609122,11.999801636476207,12.0,200.0,171.9887885705823,0.002636624713423952,-161.5466682102149,19.05247065285588,0.07332281023766594
63868.0,0.10399516237744588,-1.0090211112979062,173.60382411478446,Clouds,1.486713934336124,12.0,795.4110637104988,11.999800425927939,12.0,200.0,172.04324069240542,0.002653205717771922,-161.6081599743687,18.99097888870209,0.07386948804292474
63868.915545356,0.10547297549448342,-1.0653720501057737,173.66015139679882,Clouds,1.492695023988973,12.0,799.9883954672766,11.999799337582415,12.0,200.0,172.09308188714775,0.002668474053030636,-161.66451091317657,18.934627949894224,0.07437448566208021
